
=================================== "KETAAAK.718.409474.1.dta" ==================================
718.4095 1
147.1122 100
218.1494 100
258.1454 100
289.1865 100
359.1931 100
360.2236 100
430.2302 100
461.2713 100
501.2673 100
572.3044 100
590.3138 100
718.4094 100

=================================== "ETAAAK.590.3145158.1.dta" ==================================
590.3145 1
147.1122 100
218.1494 100
231.0981 100
289.1865 100
302.1352 100
360.2236 100
373.1723 100
444.2094 100
461.2713 100
590.3144 100

=================================== "ETAAAK.590.3145158.1.dta" ==================================
590.3145 1
147.1122 100
218.1494 100
231.0981 100
289.1865 100
302.1352 100
360.2236 100
373.1723 100
444.2094 100
461.2713 100
590.3144 100

=================================== "ETAAAKFER.1022.5266236.1.dta" ==================================
1022.5266 1
175.1184 100
231.0981 100
302.1352 100
304.161 100
373.1723 100
444.2094 100
451.2294 100
572.3044 100
579.3243 100
650.3615 100
719.3728 100
721.3986 100
792.4357 100
848.4154 100
893.4834 100
1022.526 100

=================================== "ETAAAKFER.1022.5266236.2.dta" ==================================
1022.5266 2
175.1184 100
231.0981 100
302.1352 100
304.161 100
373.1723 100
444.2094 100
451.2294 100
572.3044 100
579.3243 100
650.3615 100
719.3728 100
721.3986 100
792.4357 100
848.4154 100
893.4834 100
1022.526 100

=================================== "FERQHMDSSTSAASSSNYCNQMMK.2740.121891.2.dta" ==================================
2740.1219 2
147.1122 100
277.1188 100
278.1527 100
409.1932 100
433.2199 100
537.2518 100
561.2785 100
651.2947 100
698.3374 100
754.3039 100
829.3779 100
917.3672 100
944.4048 100
1031.41 100
1031.437 100
1118.442 100
1118.469 100
1205.474 100
1219.517 100
1292.506 100
1306.549 100
1363.543 100
1377.586 100
1434.58 100
1448.623 100
1521.612 100
1535.655 100
1622.66 100
1622.687 100
1709.692 100
1709.719 100
1796.724 100
1823.762 100
1911.751 100
1986.825 100
2042.792 100
2089.834 100
2179.851 100
2203.877 100
2307.909 100
2331.936 100
2462.976 100
2464.01 100
2593.053 100
2594.017 100
2740.122 100

=================================== "FERQHMDSSTSAASSSNYCNQMMK.2740.121891.3.dta" ==================================
2740.1219 3
147.1122 100
277.1188 100
278.1527 100
409.1932 100
433.2199 100
537.2518 100
561.2785 100
651.2947 100
698.3374 100
754.3039 100
829.3779 100
917.3672 100
944.4048 100
1031.41 100
1031.437 100
1118.442 100
1118.469 100
1205.474 100
1219.517 100
1292.506 100
1306.549 100
1363.543 100
1377.586 100
1434.58 100
1448.623 100
1521.612 100
1535.655 100
1622.66 100
1622.687 100
1709.692 100
1709.719 100
1796.724 100
1823.762 100
1911.751 100
1986.825 100
2042.792 100
2089.834 100
2179.851 100
2203.877 100
2307.909 100
2331.936 100
2462.976 100
2464.01 100
2593.053 100
2594.017 100
2740.122 100

=================================== "QHMDSSTSAASSSNYCNQMMKSR.2551.0429164.2.dta" ==================================
2551.0429 2
175.1184 100
262.1504 100
266.1253 100
390.2454 100
397.1658 100
512.1927 100
521.2859 100
599.2247 100
652.3264 100
686.2568 100
780.3849 100
787.3044 100
874.3365 100
894.4279 100
945.3736 100
997.437 100
1016.411 100
1103.443 100
1160.5 100
1190.475 100
1274.543 100
1277.507 100
1361.575 100
1391.55 100
1448.607 100
1535.639 100
1554.613 100
1606.677 100
1657.622 100
1677.714 100
1764.746 100
1771.665 100
1865.793 100
1899.724 100
1952.825 100
2030.764 100
2039.857 100
2154.884 100
2161.805 100
2285.925 100
2289.9 100
2376.932 100
2422.984 100
2551.043 100

=================================== "QHMDSSTSAASSSNYCNQMMKSR.2551.0429164.3.dta" ==================================
2551.0429 3
175.1184 100
262.1504 100
266.1253 100
390.2454 100
397.1658 100
512.1927 100
521.2859 100
599.2247 100
652.3264 100
686.2568 100
780.3849 100
787.3044 100
874.3365 100
894.4279 100
945.3736 100
997.437 100
1016.411 100
1103.443 100
1160.5 100
1190.475 100
1274.543 100
1277.507 100
1361.575 100
1391.55 100
1448.607 100
1535.639 100
1554.613 100
1606.677 100
1657.622 100
1677.714 100
1764.746 100
1771.665 100
1865.793 100
1899.724 100
1952.825 100
2030.764 100
2039.857 100
2154.884 100
2161.805 100
2285.925 100
2289.9 100
2376.932 100
2422.984 100
2551.043 100

=================================== "SRNLTK.718.420707.1.dta" ==================================
718.4207 1
147.1122 100
244.141 100
248.1599 100
358.1839 100
361.244 100
471.2679 100
475.2869 100
572.3156 100
631.388 100
718.4206 100

=================================== "NLTKDR.746.415622.1.dta" ==================================
746.4156 1
175.1184 100
228.1348 100
290.1454 100
329.1825 100
418.2403 100
457.2774 100
519.288 100
572.3044 100
632.372 100
746.4155 100

=================================== "DRCKPVNTFVHESLADVQAVCSQK.2674.3076314.2.dta" ==================================
2674.3076 2
147.1122 100
272.1359 100
275.1708 100
362.2029 100
375.1451 100
465.212 100
503.24 100
564.2805 100
600.2928 100
635.3176 100
699.3612 100
763.3762 100
813.4041 100
862.4445 100
914.4518 100
977.4715 100
1048.509 100
1061.52 100
1160.589 100
1161.593 100
1248.625 100
1297.647 100
1377.667 100
1426.69 100
1513.722 100
1514.726 100
1613.795 100
1626.806 100
1697.843 100
1760.863 100
1812.87 100
1861.911 100
1911.939 100
1975.954 100
2039.997 100
2075.022 100
2111.034 100
2172.075 100
2210.103 100
2300.17 100
2313.112 100
2400.144 100
2403.179 100
2528.203 100
2559.28 100
2674.308 100

=================================== "DRCKPVNTFVHESLADVQAVCSQK.2674.3076314.3.dta" ==================================
2674.3076 3
147.1122 100
272.1359 100
275.1708 100
362.2029 100
375.1451 100
465.212 100
503.24 100
564.2805 100
600.2928 100
635.3176 100
699.3612 100
763.3762 100
813.4041 100
862.4445 100
914.4518 100
977.4715 100
1048.509 100
1061.52 100
1160.589 100
1161.593 100
1248.625 100
1297.647 100
1377.667 100
1426.69 100
1513.722 100
1514.726 100
1613.795 100
1626.806 100
1697.843 100
1760.863 100
1812.87 100
1861.911 100
1911.939 100
1975.954 100
2039.997 100
2075.022 100
2111.034 100
2172.075 100
2210.103 100
2300.17 100
2313.112 100
2400.144 100
2403.179 100
2528.203 100
2559.28 100
2674.308 100

=================================== "CKPVNTFVHESLADVQAVCSQKNVACK.2918.4321734.2.dta" ==================================
2918.4322 2
147.1122 100
232.112 100
250.1214 100
321.1585 100
329.1647 100
420.227 100
428.2331 100
534.2699 100
542.2761 100
643.3237 100
662.3649 100
790.3922 100
790.4234 100
877.4554 100
889.4606 100
980.4646 100
1026.519 100
1079.533 100
1150.57 100
1155.562 100
1242.594 100
1278.629 100
1355.678 100
1377.697 100
1426.715 100
1492.724 100
1541.742 100
1563.761 100
1640.811 100
1676.845 100
1763.877 100
1768.869 100
1839.906 100
1892.92 100
1938.975 100
2029.979 100
2041.984 100
2129.016 100
2129.047 100
2257.074 100
2276.115 100
2377.163 100
2385.169 100
2491.206 100
2499.212 100
2590.275 100
2598.281 100
2669.318 100
2687.327 100
2772.327 100
2815.422 100
2918.432 100

=================================== "CKPVNTFVHESLADVQAVCSQKNVACK.2918.4321734.3.dta" ==================================
2918.4322 3
147.1122 100
232.112 100
250.1214 100
321.1585 100
329.1647 100
420.227 100
428.2331 100
534.2699 100
542.2761 100
643.3237 100
662.3649 100
790.3922 100
790.4234 100
877.4554 100
889.4606 100
980.4646 100
1026.519 100
1079.533 100
1150.57 100
1155.562 100
1242.594 100
1278.629 100
1355.678 100
1377.697 100
1426.715 100
1492.724 100
1541.742 100
1563.761 100
1640.811 100
1676.845 100
1763.877 100
1768.869 100
1839.906 100
1892.92 100
1938.975 100
2029.979 100
2041.984 100
2129.016 100
2129.047 100
2257.074 100
2276.115 100
2377.163 100
2385.169 100
2491.206 100
2499.212 100
2590.275 100
2598.281 100
2669.318 100
2687.327 100
2772.327 100
2815.422 100
2918.432 100

=================================== "NVACK.534.2705444.1.dta" ==================================
534.2705 1
147.1122 100
214.1192 100
250.1214 100
285.1563 100
321.1585 100
388.1655 100
420.227 100
534.2704 100

=================================== "NVACK.534.2705444.1.dta" ==================================
534.2705 1
147.1122 100
214.1192 100
250.1214 100
285.1563 100
321.1585 100
388.1655 100
420.227 100
534.2704 100

=================================== "NVACKNGQTNCYQSYSTMSITDCR.2687.1317266.2.dta" ==================================
2687.1317 2
175.1184 100
214.1192 100
278.1276 100
285.1563 100
388.1655 100
393.1545 100
494.2022 100
516.2604 100
607.2863 100
630.3033 100
687.3248 100
694.3183 100
815.3834 100
825.3588 100
916.431 100
926.4064 100
1013.438 100
1030.474 100
1133.483 100
1176.502 100
1263.534 100
1296.547 100
1391.592 100
1424.605 100
1511.637 100
1554.656 100
1657.665 100
1674.7 100
1761.732 100
1771.708 100
1862.78 100
1872.755 100
1993.821 100
2000.814 100
2057.835 100
2080.853 100
2171.878 100
2193.937 100
2294.984 100
2299.973 100
2402.983 100
2410.011 100
2474.02 100
2513.021 100
2573.088 100
2687.132 100

=================================== "NVACKNGQTNCYQSYSTMSITDCR.2687.1317266.3.dta" ==================================
2687.1317 3
175.1184 100
214.1192 100
278.1276 100
285.1563 100
388.1655 100
393.1545 100
494.2022 100
516.2604 100
607.2863 100
630.3033 100
687.3248 100
694.3183 100
815.3834 100
825.3588 100
916.431 100
926.4064 100
1013.438 100
1030.474 100
1133.483 100
1176.502 100
1263.534 100
1296.547 100
1391.592 100
1424.605 100
1511.637 100
1554.656 100
1657.665 100
1674.7 100
1761.732 100
1771.708 100
1862.78 100
1872.755 100
1993.821 100
2000.814 100
2057.835 100
2080.853 100
2171.878 100
2193.937 100
2294.984 100
2299.973 100
2402.983 100
2410.011 100
2474.02 100
2513.021 100
2573.088 100
2687.132 100
